 64800         49
   2.9269842830905319     
   1.9001194220117015     
   22.654399696848849     
 64800         49
   2.5088945670736007     
   1.7076251696102540     
   21.797374255857186     
 64800         49
   2.7743761785702326     
   2.2015322573200691     
   21.590888757427948     
 64800         49
   2.6219485675375456     
   1.9336839009733102     
   21.674652451829331     
 64800         49
   2.9652010561833491     
   1.9354825122291304     
   22.695941503493508     
 64800         49
   2.7219234164462924     
   1.9110734319942482     
   22.031985770650405     
 64800         49
   3.8473039290505251     
   2.9271895186291457     
   23.352790383960258     
 64800         49
   2.6055931701849362     
   1.9021513182785785     
   21.689823059975154     
 64800         49
   2.7133587926320328     
   2.0718259350821286     
   21.671714659017301     
 64800         49
   2.7079002068294344     
   2.0884024904605352     
   21.619052631023298     
 64800         49
   2.3132110767462954     
  0.87954385079681641     
   22.872531203919596     
 64800         49
   2.7697367577954646     
   2.1941946200687448     
   21.591637259449875     
 64800         49
   2.7644251530516271     
   2.1858928519579606     
   21.592287635010290     
 64800         49
   2.5661996476074984     
   1.8251501004129527     
   21.728751172494562     
 64800         49
   2.7116845647769021     
   2.0949741008330984     
   21.617147323738358     
 64800         49
   2.7325968523818536     
   1.8187138873045385     
   22.249401468190790     
 64800         49
   2.4377136785909097     
   1.5509078786331152     
   21.905481141295894     
 64800         49
   2.4494451958589951     
   1.5779715476260909     
   21.885076991628676     
 64800         49
   2.6813736545131159     
   2.0415372641077818     
   21.634189504096668     
 64800         49
   2.6727798101274325     
   2.0261371186926844     
   21.639583214233618     
