   294   294   294   294   295   295   296   296   297   298   299   300   301   302   303   304   305   306   307   308   309   310   311   312   313   313   314   314   314   315   315   315   314   314   314   313   313   312   311   310   309   308   307   306   305   304   303   302   301   300   299   298   297   296   296   295   295   294   294   294
   273   273   273   274   276   277   279   281   283   286   289   292   295   298   301   304   308   311   314   317   320   323   325   328   330   331   333   334   335   335   336   335   335   334   333   331   330   328   325   323   320   317   314   311   308   304   301   298   295   292   289   286   283   281   279   277   276   274   273   273
   252   252   253   254   257   259   262   266   270   274   279   283   289   294   299   305   310   315   321   326   330   335   339   343   347   349   352   354   355   356   357   356   355   354   352   349   347   343   339   335   330   326   321   315   310   305   299   294   289   283   279   274   270   266   262   259   257   254   253   252
   231   231   233   235   238   241   246   251   256   262   269   276   283   290   297   305   312   320   327   334   341   347   353   358   363   367   371   374   376   377   377   377   376   374   371   367   363   358   353   347   341   334   327   320   312   305   297   290   283   276   269   262   256   251   246   241   238   235   233   231
   210   211   212   215   219   224   229   236   243   251   259   268   277   286   296   305   315   324   333   342   351   359   367   374   380   385   390   394   396   398   398   398   396   394   390   385   380   374   367   359   351   342   333   324   315   305   296   286   277   268   259   251   243   236   229   224   219   215   212   211
   189   190   192   196   200   206   214   222   231   240   250   261   272   283   294   306   317   329   340   350   361   371   380   388   396   403   409   413   417   419   419   419   417   413   409   403   396   388   380   371   361   350   340   329   317   306   294   283   272   261   250   240   231   222   214   206   200   196   192   190
   168   169   172   176   182   190   198   208   219   230   242   254   267   280   293   307   320   333   345   358   370   382   393   403   412   420   427   433   437   439   440   439   437   433   427   420   412   403   393   382   370   358   345   333   320   307   293   280   267   254   242   230   219   208   198   190   182   176   172   169
   147   148   152   157   165   174   184   195   208   221   235   249   263   278   292   307   322   337   351   365   379   392   405   417   427   437   445   452   457   460   461   460   457   452   445   437   427   417   405   392   379   365   351   337   322   307   292   278   263   249   235   221   208   195   184   174   165   157   152   148
   126   128   132   139   147   158   170   184   198   212   228   243   259   276   292   308   324   340   356   372   387   402   416   430   442   453   463   471   477   481   482   481   477   471   463   453   442   430   416   402   387   372   356   340   324   308   292   276   259   243   228   212   198   184   170   158   147   139   132   128
   105   107   112   121   131   144   158   173   189   205   222   239   256   274   291   309   326   344   361   378   395   411   427   442   456   469   480   490   497   502   503   502   497   490   480   469   456   442   427   411   395   378   361   344   326   309   291   274   256   239   222   205   189   173   158   144   131   121   112   107
    84    87    93   104   116   131   147   164   181   199   217   235   254   273   291   310   329   347   365   384   402   419   436   453   469   483   497   508   517   522   524   522   517   508   497   483   469   453   436   419   402   384   365   347   329   310   291   273   254   235   217   199   181   164   147   131   116   104    93    87
    63    67    75    88   103   120   138   156   175   194   213   233   252   272   291   311   330   350   369   388   407   426   445   463   480   496   512   525   536   543   545   543   536   525   512   496   480   463   445   426   407   388   369   350   330   311   291   272   252   233   213   194   175   156   138   120   103    88    75    67
    42    47    59    75    93   112   131   151   171   191   211   231   251   272   292   312   332   352   372   392   412   432   451   471   489   508   525   540   554   563   566   563   554   540   525   508   489   471   451   432   412   392   372   352   332   312   292   272   251   231   211   191   171   151   131   112    93    75    59    47
    21    30    47    66    86   107   127   148   168   189   210   230   251   272   292   313   334   354   375   395   416   436   457   477   497   516   535   553   570   582   587   582   570   553   535   516   497   477   457   436   416   395   375   354   334   313   292   272   251   230   210   189   168   148   127   107    86    66    47    30
     1    21    42    63    84   105   126   147   168   189   210   231   251   272   293   314   335   356   377   398   418   439   460   481   501   522   543   563   582   599   608   599   582   563   543   522   501   481   460   439   418   398   377   356   335   314   293   272   251   231   210   189   168   147   126   105    84    63    42    21
    21    30    47    67    87   107   128   149   169   190   211   232   253   273   294   315   336   357   378   399   420   441   462   482   503   524   545   566   587   608   629   608   587   566   545   524   503   482   462   441   420   399   378   357   336   315   294   273   253   232   211   190   169   149   128   107    87    67    47    30
    42    47    60    76    94   113   133   153   173   193   213   234   254   275   296   316   337   358   378   399   420   440   461   482   502   523   543   563   582   599   608   599   582   563   543   523   502   482   461   440   420   399   378   358   337   316   296   275   254   234   213   193   173   153   133   113    94    76    60    47
    63    67    76    89   105   122   140   159   178   197   217   237   257   277   297   317   338   358   378   398   418   439   459   478   498   517   536   554   570   582   587   582   570   554   536   517   498   478   459   439   418   398   378   358   338   317   297   277   257   237   217   197   178   159   140   122   105    89    76    67
    84    87    94   104   118   133   149   167   185   203   222   241   260   279   299   318   338   358   377   397   416   435   454   473   491   509   526   541   554   563   566   563   554   541   526   509   491   473   454   435   416   397   377   358   338   318   299   279   260   241   222   203   185   167   149   133   118   104    94    87
   105   107   113   122   133   146   161   176   193   210   228   246   264   282   301   319   338   357   375   394   412   430   448   466   482   498   513   526   536   543   545   543   536   526   513   498   482   466   448   430   412   394   375   357   338   319   301   282   264   246   228   210   193   176   161   146   133   122   113   107
   126   128   132   140   149   160   173   187   202   218   234   251   268   285   303   320   338   355   373   390   407   424   441   456   471   485   498   509   517   522   524   522   517   509   498   485   471   456   441   424   407   390   373   355   338   320   303   285   268   251   234   218   202   187   173   160   149   140   132   128
   147   148   152   158   166   176   187   200   213   227   242   257   273   289   305   321   338   354   370   386   402   417   432   446   459   471   482   491   497   502   503   502   497   491   482   471   459   446   432   417   402   386   370   354   338   321   305   289   273   257   242   227   213   200   187   176   166   158   152   148
   168   169   172   177   184   192   202   213   225   237   250   264   278   293   307   322   337   352   366   381   395   408   422   434   445   456   465   472   478   481   482   481   478   472   465   456   445   434   422   408   395   381   366   352   337   322   307   293   278   264   250   237   225   213   202   192   184   177   172   169
   189   190   192   196   202   209   217   227   237   248   259   271   284   297   310   323   336   349   362   375   387   399   411   421   431   440   447   453   458   460   461   460   458   453   447   440   431   421   411   399   387   375   362   349   336   323   310   297   284   271   259   248   237   227   217   209   202   196   192   190
   210   211   213   216   221   226   233   241   250   259   269   279   290   301   312   323   335   346   357   368   379   389   399   408   416   423   429   434   437   440   440   440   437   434   429   423   416   408   399   389   379   368   357   346   335   323   312   301   290   279   269   259   250   241   233   226   221   216   213   211
   231   231   233   236   239   244   249   256   263   270   278   287   296   305   315   324   333   343   352   361   370   378   386   393   400   406   410   414   417   419   419   419   417   414   410   406   400   393   386   378   370   361   352   343   333   324   315   305   296   287   278   270   263   256   249   244   239   236   233   231
   252   252   253   256   258   262   266   271   276   282   289   295   302   310   317   324   332   339   347   354   361   367   373   379   384   388   392   395   397   398   398   398   397   395   392   388   384   379   373   367   361   354   347   339   332   324   317   310   302   295   289   282   276   271   266   262   258   256   253   252
   273   273   274   275   277   280   283   286   290   294   299   304   309   314   319   325   330   336   341   346   351   355   360   364   367   370   373   375   376   377   377   377   376   375   373   370   367   364   360   355   351   346   341   336   330   325   319   314   309   304   299   294   290   286   283   280   277   275   274   273
   294   294   294   295   296   298   300   302   304   307   309   312   315   319   322   325   328   332   335   338   341   343   346   348   350   352   354   355   356   356   357   356   356   355   354   352   350   348   346   343   341   338   335   332   328   325   322   319   315   312   309   307   304   302   300   298   296   295   294   294
   315   315   315   315   316   316   317   317   318   319   320   321   322   323   324   325   326   327   328   329   330   331   332   333   334   334   335   335   335   336   336   336   335   335   335   334   334   333   332   331   330   329   328   327   326   325   324   323   322   321   320   319   318   317   317   316   316   315   315   315
