 obs_sequence
obs_kind_definitions
           7
           2 SOIL_TEMPERATURE               
           8 MODIS_SNOWCOVER_FRAC           
          15 MODIS_LEAF_AREA_INDEX           
          11 BIOMASS         
          18 TOWER_LATENT_HEAT_FLUX         
          21 MODIS_FPAR                     
          22 COSMOS_NEUTRON_INTENSITY       
  num_copies:            0  num_qc:            0
  num_obs:            7  max_num_obs:            7
  first:            1  last:            7
 OBS            1
          -1           2          -1
obdef
loc3d
     4.523246008736568        0.816974173277668         0.001000000000000      3
kind
           2
     0     147740
  0.10000000000000001     
 OBS            2
           1           3          -1
obdef
loc3d
     4.445839748839408        0.6977277356157116         0.000000000000000     -1
kind
           8
     0     147740
   5.0000000000000003E-002
 OBS            3
           2           4          -1
obdef
loc3d
     4.445839748839408        0.6977277356157116         10.00000000000000      3
kind
          18
     0     147740
   1.0000000000000000     
 OBS            4
           3           5          -1
obdef
loc3d
     5.235987755982989       -0.174532925199433         0.000000000000000     -1
kind
          21
     0     147740
   10.000000000000000     
 OBS            5
           4           6          -1
obdef
loc3d
     4.450589592585541        0.814182482487189          0.000000000000000     -1
kind
          22
 cosmic
   1.4620000000000000       3.65499999999999992E-002   399.05099350000000       0.25985853016999999
   161.98621864285701        129.14558984999999        114.04156390999999        3.8086191933000002
           1
     0     147740
   1000.000000000000000     
 OBS            6
           5           7          -1
obdef
loc3d
     4.425301167987544        0.8935406837131941        -999.0000000000000     -2
kind
          11
     0     147740
   6000.000000000000000     
 OBS            7
           6          -1          -1
obdef
loc3d
     4.422227992240632        0.4210606820436320        -999.0000000000000     -2
kind
          15
     0     147740
  4.000000000000001E-002
