 obs_sequence
obs_kind_definitions
 1
 4 GPSRO_REFRACTIVITY             
  num_copies:  0  num_qc:  0
  num_obs:  3  max_num_obs:  3
  first:  1  last:  3
 OBS  1
 -1 2 -1
obdef
loc3d
     4.625122517784973        0.6981317007977318         5500.000000000000      3
kind
 4
gpsroref       1
   0.0000000000000000   0.0000000000000000   0.0000000000000000   0.0000000000000000   0.0000000000000000   0.0000000000000000 GPSREF
     21600     149019
   1.0000000000000000
 OBS  2
 1 3 -1
obdef
loc3d
     4.625122517784973        0.6981317007977318         11700.00000000000      3
kind
 4
gpsroref       2
   0.0000000000000000   0.0000000000000000   0.0000000000000000   0.0000000000000000   0.0000000000000000   0.0000000000000000 GPSREF
     21600     149019
   1.0000000000000000
 OBS  3
 2 -1 -1
obdef
loc3d
     4.625122517784973        0.6981317007977318         31000.00000000000      3
kind
 4
gpsroref       3
   0.0000000000000000   0.0000000000000000   0.0000000000000000   0.0000000000000000   0.0000000000000000   0.0000000000000000 GPSREF
     21600     149019
   1.0000000000000000
